lrr: {1620, 1621, 1631, 1632, 1664, 1665, 1677, 1678, 1712, 1713, 1720, 1721, 1769, 1770, 1777, 1778, 1823, 1824, 1858, 1859, 1894, 1895, 1925, 1926, 1973, 1974, 2012, 2013, 2047, 2048, 2049, 2050, 2067, 2068, 2160, 2161, 2198, 2199, 2246, 2247, 2284, 2285, 2286, 2287, 2324, 2325}
limitedTM: {1803, 1804, 1805, 1806, 1848, 1849, 1850, 1851, 1884, 1885, 1886, 1887, 1911, 1912, 1913, 1914, 1936, 1937, 1938, 1939, 1967, 1968, 1969, 1970, 2008, 2009, 2010, 2011, 2059, 2060, 2061, 2062, 2131, 2132, 2133, 2134, 2135, 2168, 2169, 2170, 2171, 2172, 2173, 2206, 2207, 2208, 2209, 2256, 2257, 2258, 2259, 2295, 2296, 2297}
TM: {1807, 1808, 1852, 1853, 1888, 1889, 1915, 1916, 1940, 1941, 1971, 1972, 1998, 1999, 2000, 2063, 2064, 2108, 2109, 2136, 2137, 2174, 2175, 2210, 2211, 2260, 2261, 2298, 2299}
limited: {437, 438, 439, 440, 497, 498, 512, 513, 531, 532, 533, 534, 535, 536, 547, 548, 604, 605, 612, 613, 678, 679, 710, 711, 725, 726, 744, 745, 782, 783, 801, 802, 828, 829, 855, 856, 857, 858, 915, 916, 921, 922, 1007, 1008, 1020, 1021, 1053, 1054, 1092, 1093, 1099, 1100, 1134, 1135, 1160, 1161, 1193, 1194, 1213, 1214, 1259, 1260, 1261, 1262, 1263, 1264, 1265, 1266, 1295, 1296, 1307, 1308, 1335, 1336, 1354, 1355, 1381, 1382, 1394, 1395, 1419, 1420, 1429, 1430, 1453, 1454, 1466, 1467, 1513, 1514, 1523, 1524, 1544, 1545, 1567, 1568, 1589, 1590, 1591, 1592, 1673, 1674, 1730, 1731, 1911, 1912, 1913, 1914, 2038, 2039, 2040, 2041, 2083, 2084, 2085, 2086, 2172, 2173, 2190, 2191, 2212, 2213}
Colosseum: { 776, 777, 778, 779, 780, 781, 803, 804, 805, 806, 830, 831, 832, 833, 834, 959, 860, 861, 862, 881, 882, 883, 884, 900, 901, 902, 903, 904, 923, 924, 925, 926, 927, 950, 951, 952, 953, 982, 983, 984, 1015, 1016, 1017, 1018, 1019, 1040, 1041, 1042, 1043, 1086, 1087, 1088, 1089, 1090, 1091, 1101, 1102, 1103, 1104, 1105, 1106, 1140, 1141, 1142, 1143, 1144, 1145, 1195, 1196, 1197, 1219, 1220, 1221, 1222, 1250, 1251, 1252, 1253, 1291, 1292, 1293, 1294, 1309, 1310, 1311, 1312, 1337, 1338, 1339, 1340, 1341, 1375, 1376, 1377, 1378, 1400, 1401, 1402, 1421, 1422, 1423, 1424, 1455, 1456, 1457, 1458, 1459, 1460, 1486, 1487, 1488, 1489, 1490, 1491, 1525, 1526, 1527, 1528, 1552, 1553, 1554, 1555, 1583, 1584, 1585, 1586, 1601, 1602, 1603, 1627, 1628, 1629, 1630, 1666, 1667, 1693, 1694, 1732, 1733, 1791, 1792, 1827, 1828, 1860, 1861, 1896, 1897, 1944, 1945, 1977, 1978, 2036, 2037, 2110, 2111, 2122, 2123, 2162, 2163, 2192, 2193, 2248, 2249, 2288, 2289, 2290, 2322, 2323} 
ColosseumNeo: {1862, 1863, 1898, 1899, 1975, 1976, 2016, 2017}
Raid: {226, 227, 248, 249, 305, 306, 352, 353, 354, 355, 389, 390, 417, 418, 446, 447, 515, 516, 574, 575, 602, 603, 652, 653, 654, 770, 771, 772, 773, 774, 775, 794, 795, 835, 836, 864, 865, 932, 933, 977, 978, 985, 986, 987, 988, 989, 1046, 1047, 1107, 1108, 1162, 1163, 1164, 1165, 1297, 1298, 1373, 1374, 1431, 1432, 1517, 1518, 1594, 1595, 1695, 1696, 1814, 1815, 1829, 1830, 1878, 1879, 1923, 1924, 1942, 1943, 2014, 2015, 2032, 2033, 2096, 2097, 2157, 2158, 2196, 2197, 2262, 2263, 2280, 2281} 
RaidNeo: {1622, 1623, 1646, 1647, 1668, 1669, 1679, 1680, 1726, 1727, 1738, 1739, 1771, 1772, 1779, 1780, 1825, 1826, 1929, 1930, 2069, 2070}
Ambush: {1257, 1258, 1379, 1380, 1529, 1530, 1845, 1846, 2282, 2283}
Special: {659, 680, 681, 682, 683, 684, 685, 686, 1023, 1198, 1199, 1200, 1201, 1299, 1300, 1305, 1306, 1325, 1326, 1462, 1463, 1464, 1465, 1507, 1508, 1515, 1516, 1708, 1709, 1710, 1711, 1900, 1960, 1961, 1962, 1963, 2042, 2043, 2214, 2215, 2216, 2217, 2293, 2294} 
FNOnly: {47, 338, 339, 391, 392, 419, 420, 421, 422, 423, 424, 433, 434, 435, 436, 444, 445, 460, 461, 462, 509, 510, 511, 537, 538, 570, 571, 572, 573, 581, 582, 583, 584, 598, 599, 600, 601, 606, 607, 608, 609, 634, 635, 636, 637, 656, 657, 658, 663, 664, 665, 666, 667, 687, 688, 689, 690, 712, 713, 714, 715, 716, 721, 722, 723, 724, 742, 743, 761, 762, 763, 764, 765, 766, 767, 768, 769, 796, 797, 798, 800, 807, 808, 809, 810, 811, 847, 848, 849, 850, 851, 852, 853, 854, 866, 867, 868, 885, 886, 887, 897, 898, 899, 917, 918, 920, 928, 929, 930, 946, 947, 948, 949, 979, 980, 981, 1002, 1003, 1004, 1005, 1006, 1010, 1011, 1012, 1013, 1014, 1036, 1037, 1038, 1039, 1048, 1049, 1050, 1051, 1052, 1069, 1070, 1071, 1072, 1073, 1094, 1095, 1096, 1097, 1098, 1109, 1110, 1111, 1112, 1113, 1136, 1137, 1138, 1139, 1166, 1167, 1168, 1169, 1170, 1171, 1202, 1203, 1204, 1205, 1206, 1215, 1216, 1217, 1218, 1241, 1242, 1243, 1244, 1254, 1255, 1256, 1286, 1287, 1288, 1289, 1290, 1301, 1302, 1303, 1304, 1327, 1328, 1329, 1330, 1331, 1332, 1333, 1334, 1356, 1357, 1358, 1359, 1383, 1384, 1385, 1386, 1415, 1416, 1425, 1426, 1427, 1449, 1450, 1451, 1452, 1468, 1469, 1470, 1471, 1509, 1510, 1511, 1512, 1519, 1520, 1521, 1522, 1546, 1547, 1548, 1563, 1564, 1565, 1566, 1580, 1581, 1596, 1597, 1598, 1599, 1606, 1607, 1608, 1624, 1625, 1626, 1650, 1670, 1671, 1672, 1689, 1690, 1691, 1692, 1722, 1723, 1724, 1725, 1734, 1735, 1765, 1766, 1767, 1768, 1773, 1774, 1775, 1776, 1809, 1810, 1817, 1818, 1819, 1820, 1841, 1842, 1843, 1844, 1854, 1855, 1856, 1857, 1864, 1865, 1866, 1867, 1890, 1891, 1892, 1893, 1917, 1918, 1919, 1920, 1931, 1932, 1933, 1946, 1947, 1948, 1964, 1965, 1966, 1979, 1980, 1981, 1982, 1994, 1995, 1996, 1997, 2018, 2019, 2020, 2021, 2044, 2045, 2046, 2056, 2057, 2058, 2087, 2088, 2089, 2090, 2091, 2092, 2093, 2094, 2095, 2127, 2128, 2129, 2130, 2143, 2144, 2145, 2146, 2164, 2165, 2166, 2167, 2178, 2179, 2218, 2219, 2220, 2221, 2252, 2253, 2254, 2255, 2276, 2277, 2278, 2326, 2327, 2328} }
GenericF2P: {2, 3, 4, 5, 6, 7, 8, 9, 10, 11, 12, 13, 14, 15, 16, 17, 18, 19, 20, 21, 22, 23, 24, 25, 26, 27, 28, 29, 30, 31, 32, 33, 34, 35, 36, 37, 38, 39, 40, 41, 42, 43, 44, 45, 46, 48, 49, 50, 51, 52, 53, 54, 55, 56, 57, 58, 59, 60, 61, 62, 63, 64, 65, 66, 67, 68, 69, 70, 71, 72, 73, 199, 200, 201, 202, 203, 204, 205, 206, 207, 208, 211, 212, 213, 214, 215, 228, 229, 230, 231, 232, 233, 234, 235, 236, 247, 262, 263, 264, 265, 268, 290, 296, 297, 298, 299, 317, 318, 320, 321, 322, 323, 324, 325, 328, 329, 330, 331, 332, 333, 334, 335, 336, 337, 340, 341, 379, 380, 381, 382, 383, 384, 385, 386, 387, 388, 393, 394, 395, 396, 397, 398, 399, 400, 401, 402, 404, 405, 406, 407, 408, 425, 426, 427, 429, 430, 431, 432, 463, 464, 465, 467, 539, 540, 541, 542, 545, 546, 549, 550, 551, 552, 563, 564, 614, 629, 630, 631, 632, 633, 706, 707, 708, 728, 729, 730, 731, 732, 733, 734, 735, 736, 737, 738, 739, 799, 813, 815, 816, 889, 890, 891, 892, 893, 894, 895, 896, 919, 931, 954, 963, 966, 967, 968, 969, 970, 971, 972, 973, 974, 1055, 1056, 1057, 1058, 1059, 1060, 1061, 1151, 1152, 1155, 1156, 1157, 1158, 1159, 1223, 1224, 1225, 1226, 1227, 1228, 1279, 1280, 1281, 1282, 1283, 1353, 1387, 1388, 1389, 1417, 1418, 1428, 1446, 1447, 1448, 1549, 1550, 1551}
StoryOnly: {291, 292, 326, 327, 378, 428, 466, 543, 544, 565, 566, 567, 568, 569, 615, 616, 628, 701, 702, 703, 704, 705, 812, 814, 888, 955, 956, 964, 965, 1062, 1153, 1154, 1342, 1343, 1344, 1345, 1346, 1347, 1348, 1349, 1350, 1351, 1352, 1392, 1393, 1501, 1502, 1503, 1504, 1505, 1506, 1556, 1557, 1558, 1559, 1560, 1561, 1562, 1633, 1634, 1635, 1636, 1637, 1714, 1715, 1716, 1717, 1718, 1719, 1781, 1782, 1783, 1784, 1785, 2003, 2004, 2005, 2051, 2052, 2053, 2054, 2055, 2124, 2125, 2126, 2222, 2223, 2224, 2225, 2226, 2227, 2229, 2230, 2231}